orange:
  cov: [3028.1161800916761, 53.732274112813776, 94.080139113668039]
  mean: [20.543225480283116, 124.05535894843275, 189.70728008088977]
